Used values

sigma = 1000300.09003            [Ohm^-1 m^-1]
nu    = 0.00123681823195         [m^2/s]
rho   = 10545.35                 [kg/m^3]
mu    = 13.0426811423            [kg/(m s)]
mu_m  = 1.25663706144e-06        [H/m]
mu_m  = 1.25663706144e-06        [(Ohm s)/m]
Xi_m  = 0                        [1]
K_m   = 1.0                      [1]
