function jn = mybesselzero()
%% These j's were computed from wolfram alpha's BesselJZero[n,k] command on
% http://www.wolframalpha.com/
jn = [2.4048255576957727686216318793264546431242449091459671
      5.520078110286310649596604112813027425221865478782909853757552
      8.653727912911012216954198712660946685565795231275355618891476
      11.79153443901428161374304491192545892202292469969544670325051
      14.93091770848778594776259399738868220791585011563302815877417
      18.07106396791092254314788297561817656024898674700132608642331
      21.21163662987925895907839335052630683618180897597639983273820
      24.35247153074930273705794476317890718456937267514892702240604
      27.49347913204025479587728823460741454652956886054962201093886
      30.63460646843197511754957892685423273727357162917814719075501
      33.77582021357356868423854634671472802393270574256681654896409
      36.91709835366404397976949306327295263648570258557603671668836
      40.05842576462823929479930737399447291034796195199012415868824
      43.19979171317673035752407272874342217087609792088225285754043
      46.34118837166181401868578887911284917465014850526036343721391
      49.48260989739781717360276153317827226970223775303862008955551
      52.62405184111499602925128538039157330012033293268689416022022
      55.76551075501997931168349277346183063137533975520469235341128
      58.90698392608094213283440663461568558565808885575615461187767
      62.04846919022716988285250026465095232381538376625090460270166
      ];
end